Partial Accuracies:
99.8534083366394
99.82888698577881
99.84137415885925
99.85288381576538
99.91506338119507
99.84018802642822
99.86543655395508
99.7793972492218
99.84016418457031
99.8042106628418
99.85373020172119
99.88962411880493
99.79047775268555
99.79420900344849
99.82849955558777
99.84016418457031
Partial Losses:
0.0014665772905573249
0.001709702773950994
0.0015865270979702473
0.0014694869751110673
0.0008520639967173338
0.001600012881681323
0.0013452263083308935
0.0022087078541517258
0.0015998831950128078
0.0019549066200852394
0.0014638573629781604
0.0011055043432861567
0.0020948033779859543
0.002055821241810918
0.001713293488137424
0.0015960057498887181
Full Accuracies: 
99.8534083366394
99.03480410575867
98.88132214546204
98.97743463516235
99.23177361488342
99.42033290863037
99.15571808815002
99.15623068809509
98.79234433174133
99.14888739585876
98.842853307724
99.21972155570984
99.31222796440125
98.74632358551025
98.89693856239319
99.05647039413452
Full Losses:
0.0014665772905573249
0.009648974984884262
0.011181806214153767
0.010219634510576725
0.007676207460463047
0.005794848315417767
0.008437232114374638
0.008436186239123344
0.012068189680576324
0.00850862916558981
0.011563386768102646
0.007798437494784594
0.006873015314340591
0.012528626248240471
0.011025337502360344
0.00942882988601923