Partial Accuracies: 
100.0
99.78103041648865
99.1216778755188
99.81654286384583
81.32240176200867
71.8700110912323
72.64606952667236
78.247731924057
79.11339998245239
78.63345742225647
73.18283915519714
78.58524918556213
80.74430227279663
86.03784441947937
92.19170808792114
92.43332147598267
Partial Losses:
2.1197077426649003e-09
0.0021871449425816536
0.008784899488091469
0.0018347548320889473
0.18677598237991333
0.281299889087677
0.27353933453559875
0.21756543219089508
0.20897960662841797
0.21377290785312653
0.2680496275424957
0.21421639621257782
0.19285929203033447
0.1405431032180786
0.07889222353696823
0.07701517641544342