Partial Accuracies:
99.7315526008606
99.82731342315674
99.81562495231628
99.91466403007507
99.8656690120697
99.81567859649658
99.84079003334045
99.86512660980225
99.8530924320221
99.75661635398865
99.85412359237671
99.76884126663208
99.79174137115479
99.1600751876831
99.84174966812134
99.89004135131836
Partial Losses:
0.002682667225599289
0.0017264182679355145
0.0018427192699164152
0.0008577838889323175
0.0013439217582345009
0.0018425643211230636
0.0015925655607134104
0.0013496717438101768
0.001469496637582779
0.0024328897707164288
0.0014618467539548874
0.002311627846211195
0.0020830377470701933
0.008398233912885189
0.0015829853946343064
0.001102519454434514
Full Accuracies: 
99.7315526008606
98.7104058265686
98.94468784332275
98.97747039794922
99.40786361694336
99.19166564941406
98.91945719718933
99.02710318565369
99.10497069358826
98.97781014442444
98.87350797653198
99.1006851196289
98.78401160240173
98.15618991851807
96.79878354072571
99.13700222969055
Full Losses:
0.002682667225599289
0.012890255078673363
0.010549026541411877
0.010220778174698353
0.0059188250452280045
0.008078314363956451
0.010800914838910103
0.009724046103656292
0.008945736102759838
0.010216877795755863
0.011256149038672447
0.008988791145384312
0.01214965432882309
0.0184341873973608
0.03199326992034912
0.008625850081443787