49.98471736907959
50.00007152557373
49.996668100357056
50.00009536743164
50.002992153167725
49.99687075614929
50.0022292137146
50.00191926956177
50.00572204589844
98.41328263282776
Partial Losses:
0.25211459398269653
0.25219646096229553
0.2521675229072571
0.2520799934864044
0.25208407640457153
0.25212451815605164
0.2520199716091156
0.2520618438720703
0.25211814045906067
0.015872139483690262
Full Accuracies: 
49.98471736907959
50.0086784362793
50.00637769699097
49.994683265686035
49.99372959136963
50.00376105308533
49.9953955411911
50.012773275375366
50.00602602958679
50.009459257125854
Full Losses:
0.25211459398269653
0.2522033452987671
0.25215932726860046
0.25205591320991516
0.2520090341567993
0.25210273265838623
0.2520734965801239
0.2520120441913605
0.25216591358184814
0.4982406198978424