Partial Accuracies:
99.35733079910278
99.35954213142395
99.36875104904175
99.37110543251038
99.35170412063599
99.36652183532715
99.31774735450745
99.34775829315186
99.36191439628601
99.36829209327698
99.34052228927612
99.35534000396729
99.3528664112091
99.34014081954956
99.36543107032776
99.34206008911133
99.33956861495972
99.34667944908142
99.37020540237427
99.36621189117432
99.33798313140869
99.32458400726318
99.36531186103821
99.35928583145142
99.35579299926758
99.34378862380981
Partial Losses:
0.00508793443441391
0.0050796321593225
0.005008671432733536
0.004994885064661503
0.005118345841765404
0.005010928958654404
0.005350961349904537
0.005146476905792952
0.005059811752289534
0.005003707483410835
0.0052202907390892506
0.00506173400208354
0.005113715305924416
0.005197703372687101
0.005021931603550911
0.005166737362742424
0.005184940528124571
0.005118258763104677
0.004999956116080284
0.005001205485314131
0.005237859208136797
0.005260129924863577
0.005031433422118425
0.005060864146798849
0.005099887028336525
0.005149943754076958
Full Accuracies: 
99.35733079910278
97.01868295669556
97.04552292823792
97.09067940711975
97.09964990615845
97.04179763793945
97.06408977508545
96.88239693641663
97.02479243278503
97.04298377037048
97.0815360546112
97.00126051902771
97.04333543777466
96.98019623756409
96.97104096412659
97.04862236976624
96.94194197654724
96.95827960968018
97.0153272151947
97.09703326225281
97.08691239356995
96.9036877155304
96.89342379570007
97.06240892410278
97.03153371810913
97.01589941978455
Full Losses:
0.00508793443441391
0.02776060625910759
0.027545178309082985
0.02710556797683239
0.0269458144903183
0.027542872354388237
0.02718585543334484
0.02903948538005352
0.027715817093849182
0.027554813772439957
0.027113722637295723
0.027921197935938835
0.027491793036460876
0.028065430000424385
0.028221040964126587
0.027408944442868233
0.028395986184477806
0.028276462107896805
0.027829475700855255
0.027010219171643257
0.02707776427268982
0.028725435957312584
0.029003068804740906
0.02732250839471817
0.02764110080897808
0.02770846150815487