Partial Accuracies: 
99.17431473731995
99.13503527641296
99.23307299613953
99.1276204586029
99.21647310256958
99.18354153633118
99.09830689430237
99.13721084594727
99.16366338729858
99.16128516197205
99.16206002235413
99.14546608924866
99.05201196670532
99.15417432785034
99.07013177871704
99.08381700515747
99.17322993278503
99.09628629684448
99.08539652824402
99.08704161643982
99.14013743400574
99.21208620071411
99.21371340751648
98.97894859313965
99.23388957977295
99.13569688796997
99.13031458854675
99.02029633522034
Partial Losses:
0.006315016187727451
0.0065503958612680435
0.005708381999284029
0.006602487992495298
0.005786692723631859
0.006054168567061424
0.0069886608980596066
0.006537153851240873
0.006363420281559229
0.006397916469722986
0.006360326427966356
0.006488401908427477
0.007475826423615217
0.006421584635972977
0.007207690272480249
0.007116319146007299
0.0062805586494505405
0.006989695131778717
0.007075232453644276
0.007075152359902859
0.006552326027303934
0.005851663649082184
0.005863916594535112
0.008175141178071499
0.005688130855560303
0.006551983766257763
0.006612850818783045
0.007691867183893919
Full Accuracies: 
99.17431473731995
96.27736806869507
96.2337076663971
96.53506875038147
96.20824456214905
96.54764533042908
96.32691740989685
95.98184823989868
96.1998701095581
96.26524448394775
96.24654650688171
96.2452232837677
96.1187481880188
95.79828381538391
96.12277746200562
95.92263102531433
95.93965411186218
96.2333083152771
95.91350555419922
95.94308733940125
95.95312476158142
96.22807502746582
96.548330783844
96.32461667060852
95.5602765083313
96.53738141059875
96.12952470779419
96.02605700492859
Full Losses:
0.006315016187727451
0.034503694623708725
0.0350734181702137
0.0319657139480114
0.03523523733019829
0.03184440732002258
0.034054141491651535
0.03742491081357002
0.035371456295251846
0.03467113897204399
0.034878555685281754
0.03484125807881355
0.03616335988044739
0.03925897181034088
0.03601164370775223
0.03799793869256973
0.037894926965236664
0.035008080303668976
0.03806738182902336
0.037836942821741104
0.03771362826228142
0.03502681478857994
0.031898241490125656
0.03415989875793457
0.04163341596722603
0.03196531534194946
0.035914186388254166
0.03695503622293472