Partial Accuracies: 
99.4879424571991
99.46454167366028
99.46838617324829
99.49769377708435
99.49649572372437
99.45772290229797
99.48772192001343
99.49695467948914
99.47007894515991
99.51112270355225
99.46615695953369
99.45963621139526
99.49541687965393
99.50875043869019
99.47094917297363
99.45334792137146
99.46599006652832
99.48195219039917
99.47935938835144
99.47841167449951
99.47450757026672
99.48384165763855
99.48239326477051
99.46590065956116
99.48428273200989
99.46767091751099
Partial Losses:
0.0037771728821098804
0.003945622593164444
0.00390767864882946
0.00369329284876585
0.003711269935593009
0.003977522253990173
0.003774524200707674
0.003724802052602172
0.0039075990207493305
0.003614623099565506
0.00391368567943573
0.003957932349294424
0.0037337495014071465
0.0036202874034643173
0.003919308073818684
0.004002981353551149
0.0039124032482504845
0.0038300352171063423
0.003826795145869255
0.0038509441073983908
0.0038670289795845747
0.003804589854553342
0.0038119580131024122
0.003913122229278088
0.0037993856240063906
0.003915171138942242
Full Accuracies: 
99.4879424571991
97.69473671913147
97.62743711471558
97.65657782554626
97.77920842170715
97.72756695747375
97.62908816337585
97.72107005119324
97.72407412528992
97.69182205200195
97.7679967880249
97.62497544288635
97.62442708015442
97.77527451515198
97.78906106948853
97.64023423194885
97.58802056312561
97.62842655181885
97.69471287727356
97.69369959831238
97.66780138015747
97.67482876777649
97.71010279655457
97.68151044845581
97.6483702659607
97.67692685127258
Full Losses:
0.0037771728821098804
0.021366670727729797
0.02205774374306202
0.021855803206562996
0.020637141540646553
0.02104429341852665
0.02211407758295536
0.021224917843937874
0.0211089625954628
0.021550055593252182
0.020656980574131012
0.02205595001578331
0.02217629738152027
0.020709138363599777
0.020508119836449623
0.021865276619791985
0.022440891712903976
0.022096002474427223
0.021410498768091202
0.02145395800471306
0.021662583574652672
0.02164570800960064
0.02127339504659176
0.02149055153131485
0.02189197950065136
0.021582240238785744